Количество массивов поданных на вход:
83

Размеры входных данных:
[874, 699, 486, 178, 771, 550, 933, 394, 978, 483, 975, 432, 803, 224, 516, 302, 996, 203, 942, 382, 601, 366, 801, 399, 497, 700, 877, 957, 851, 804, 955, 489, 230, 892, 820, 557, 852, 720, 649, 113, 138, 797, 620, 445, 655, 805, 752, 678, 958, 272, 994, 489, 649, 228, 810, 220, 741, 217, 852, 688, 160, 804, 164, 735, 300, 408, 265, 457, 351, 176, 316, 892, 564, 824, 307, 886, 330, 652, 207, 310, 822, 129, 678]

Кол-во итераций проделанных алгоритмом:
[128018, 78218, 37865, 7222, 88932, 54747, 155814, 29721, 161352, 40330, 161027, 34932, 96271, 10088, 42031, 17998, 171923, 8776, 158317, 25833, 62149, 24615, 102877, 29951, 42579, 81639, 121121, 161961, 116889, 97776, 161441, 40868, 9262, 133196, 106937, 52850, 117288, 81212, 76749, 2566, 4013, 100655, 69602, 37864, 80267, 98880, 84937, 84045, 162740, 15516, 168994, 41383, 74134, 10471, 101982, 8935, 86968, 8624, 117676, 79640, 5322, 103706, 5685, 87548, 18099, 34308, 13135, 39849, 23033, 6427, 20188, 129609, 57291, 111595, 18462, 127723, 19435, 82110, 8971, 18638, 102226, 3473, 84732]

Время работы сортировки в ms на различных входных данных:
478 131 127 7 566 115 703 96 711 91 468 52 457 11 97 10 437 5 421 46 90 46 549 46 92 91 433 411 453 424 412 97 11 410 422 92 432 429 97 1 1 430 90 47 91 411 443 92 416 10 417 92 95 10 423 11 432 10 438 110 6 432 6 486 13 79 12 49 53 5 11 458 90 418 10 440 82 331 11 17 592 2 147 

Время работы сортировки в ns на различных входных данных:
477758226 130920396 127166288 6852669 566171123 115398086 702406880 95851837 711277077 91271560 467495258 52806814 457081769 10736774 96424853 10895422 436197913 5116945 421541968 45589810 89873231 46126051 549252193 46146149 91402413 91618790 432312096 410980947 453795480 423596700 411843891 97366052 10501581 410389116 421639039 91845431 432383082 429186168 96506528 1174682 1232839 429589845 90678018 46618673 91276264 410963842 442942393 91404551 416322821 10203955 417224252 92185820 94146046 10264678 423225095 10445990 431381160 10195402 437698444 109880458 5991863 432231276 6067551 486036592 12722230 79049221 11725440 49528224 48979583 5416708 10958711 458122604 90195232 417565496 10286487 439550054 82381692 331366835 10169318 17261883 591669892 2147954 147312920 

sort data
размер 113 129 138 160 164 176 178 203 207 217 220 224 228 230 265 272 300 302 307 310 316 330 351 366 382 394 399 408 432 445 457 483 486 489 489 497 516 550 557 564 601 620 649 649 652 655 678 678 688 699 700 720 735 741 752 771 797 801 803 804 804 805 810 820 822 824 851 852 852 874 877 886 892 892 933 942 955 957 958 975 978 994 996 
ms 1 2 1 6 6 5 7 5 11 10 11 11 10 11 12 10 13 10 10 17 11 82 53 46 46 96 46 79 52 47 49 91 127 97 92 92 97 115 92 90 90 90 97 95 331 91 92 147 110 131 91 429 486 432 443 566 430 549 457 424 432 411 423 422 592 418 453 432 438 478 433 440 410 458 703 421 412 411 416 468 711 417 437 
кол-во 2566 3473 4013 5322 5685 6427 7222 8776 8971 8624 8935 10088 10471 9262 13135 15516 18099 17998 18462 18638 20188 19435 23033 24615 25833 29721 29951 34308 34932 37864 39849 40330 37865 40868 41383 42579 42031 54747 52850 57291 62149 69602 76749 74134 82110 80267 84045 84732 79640 78218 81639 81212 87548 86968 84937 88932 100655 102877 96271 97776 103706 98880 101982 106937 102226 111595 116889 117288 117676 128018 121121 127723 133196 129609 155814 158317 161441 161961 162740 161027 161352 168994 171923 